1 51.53414809489576
1 52.03480931661121
1 52.788589936642325
1 51.64866240597251
1 52.349390460409516
2 51.06254493170381
2 52.990359184369936
2 52.66642043355968
2 52.915559074712974
2 52.08604568587999
3 52.96046010064701
3 52.29929186929443
3 52.052731766911954
3 52.12092076240032
3 52.77251745768729
4 51.9568655643422
4 53.300344111708334
4 53.129528084779956
4 51.51009558282903
4 51.091845188779736
5 52.123652048885695
5 51.861331513238355
5 52.85961871750433
5 51.7617781799672
5 52.14226535684696
