1 51.36019866802122
1 51.38815551788345
1 52.58206788744976
1 51.587190992447255
1 50.41756009479743
1 50.333793738489874
1 50.41396590228226
2 51.5972457387967
2 51.4076091487647
2 51.82000893255918
2 51.55653409882668
2 51.159575668660416
2 50.3539364640884
2 50.41396590228226
3 51.92177446664409
3 51.62715726871022
3 51.632983474765524
3 51.941138764248485
3 51.199074596546666
3 50.30789594843462
3 50.41396590228226
10 51.53702372393961
10 51.57694167164348
10 51.48450152001591
10 51.44505401278209
10 51.068173748372594
2 51.36019866802122
2 51.38815551788345
2 52.58206788744976
2 51.587190992447255
2 50.41756009479743
2 50.333793738489874
2 50.41396590228226
3 51.5972457387967
3 51.4076091487647
3 51.82000893255918
3 51.55653409882668
3 51.159575668660416
3 50.3539364640884
3 50.41396590228226
4 51.92177446664409
4 51.62715726871022
4 51.632983474765524
4 51.941138764248485
4 51.199074596546666
4 50.30789594843462
4 50.41396590228226
5 51.24946081955428
5 51.69922930352928
5 52.31411768048413
5 50.34783100503365
5 51.43804000473429
6 51.206326383896474
6 51.8584876148224
6 51.96181492740859
6 51.47333295628075
6 50.47342880814297
8 51.53702372393961
8 51.38071268094304
8 51.5015484274228
8 51.31214297833833
8 51.55343827671914
