1 52.34225081837679
1 52.73323513881555
1 53.40832961143368
1 52.80789275661213
1 51.41914005191288
1 51.847375690607734
1 50.41396590228226
2 51.87380065470143
2 52.71933968818608
2 51.956788744975434
2 52.62395139488866
2 51.326035436181016
2 51.7466620626151
2 50.41396590228226
3 51.949994356022124
3 52.36083706194592
3 52.180102724430554
3 52.077701290376524
3 51.41349734792912
3 52.32216850828729
3 50.41396590228226
4 51.20057512580877
4 52.10021898017803
4 53.09259311873171
4 51.614727673774105
4 52.79618889809446
5 52.64989216391086
5 52.85669595882035
5 51.8311219706225
5 52.34715231038969
5 52.559474494022965
6 52.28756290438533
6 52.65762306970395
6 52.19763047987044
6 51.44505401278209
6 51.290093502189606
8 50.967649173256646
8 51.50584421124478
8 51.7742989459329
8 50.463774673378204
8 52.39673334122381
10 51.67505391804457
10 52.205443221568125
10 52.436287183566776
10 50.61930886262089
10 52.346431530358615
