105 53.34295334295335
105 49.876977152899826
105 48.76047187553428
105 49.60290055248619
105 47.487558195537005
105 44.02542985117758
105 49.26337033299698
120 53.55138688472022
120 49.80667838312829
120 48.62369635835185
120 49.482044198895025
120 47.2306951356558
120 43.99653229302124
120 49.26337033299698
135 53.61552028218695
135 49.73637961335677
135 48.794665754829886
135 49.55110497237569
135 47.56782790174988
15 61.56806156806157
15 62.72407732864674
15 61.29252863737391
15 61.136049723756905
15 60.84443730935944
15 58.185233347782116
15 50.8577194752775
200 54.14462081128748
200 50.49209138840071
30 60.317460317460316
30 59.42003514938489
30 58.19798256112156
30 57.99378453038674
30 57.44100176593354
30 54.442999566536635
30 49.36427850655903
45 58.0246913580247
45 55.28998242530756
45 54.65891605402633
45 55.697513812154696
45 52.28768662706694
45 51.090882820401674
45 49.26337033299698
60 56.068622735289395
60 53.198594024604574
60 52.07727816720807
60 52.883287292817684
60 50.48964520789853
60 47.68097095795405
60 49.26337033299698
75 54.673721340388006
75 51.40597539543058
75 49.9743545905283
75 50.88052486187845
75 48.93241290736876
75 45.802629677792225
75 49.26337033299698
90 53.93618726952061
90 50.66783831282953
90 49.222089246024964
90 50.15538674033149
90 47.79258307914593
90 44.44444444444444
90 49.26337033299698
