11 59.93265993265994
11 57.0298769771529
11 56.88151820824072
11 56.9060773480663
11 55.91587734788891
11 53.72056061262823
11 49.303733602421794
13 59.772326438993105
13 58.87521968365553
13 58.4031458368952
13 57.527624309392266
13 56.36538770268101
13 54.139575205895106
13 49.32391523713421
17 61.37566137566137
17 60.75571177504394
17 61.56607967173876
17 59.58218232044199
17 59.39958259752769
17 56.191301834994945
17 49.525731584258324
7 57.84832451499118
7 54.973637961335676
7 53.65019661480594
7 52.45165745856354
7 53.154599454166
7 50.19505851755527
7 49.26337033299698
