2 52.34225081837679
2 52.73323513881555
2 53.40832961143368
2 52.80789275661213
2 51.41914005191288
2 51.847375690607734
2 50.41396590228226
3 51.87380065470143
3 52.71933968818608
3 51.956788744975434
3 52.62395139488866
3 51.326035436181016
3 51.7466620626151
3 50.41396590228226
4 51.949994356022124
4 52.36083706194592
4 52.180102724430554
4 52.077701290376524
4 51.41349734792912
4 52.32216850828729
4 50.41396590228226
5 51.20057512580877
5 52.10021898017803
5 53.09259311873171
5 51.614727673774105
5 52.79618889809446
6 52.64989216391086
6 52.85669595882035
6 51.8311219706225
6 52.34715231038969
6 52.559474494022965
7 52.28756290438533
7 52.65762306970395
7 52.19763047987044
7 51.44505401278209
7 51.290093502189606
9 50.967649173256646
9 51.50584421124478
9 51.7742989459329
9 50.463774673378204
9 52.39673334122381
11 51.67505391804457
11 52.205443221568125
11 52.436287183566776
11 50.61930886262089
11 52.346431530358615
